G1: ([-0.45018366719409075], [5]) 
G2: ([-0.45018361225372017], [6])